0
1
2
3
4
5
6
7
8
9
10
11
12
13
14
15
16
17
20
21
25
30
35
36
39
40
43
44
45
46
47
48
49
50
51
52
53
54
55
56
57
58
59
60
61
62
63
64
65
67
68
69
73
74
79
85
91
97
98
102
103
104
107
108
109
110
112
113
114
115
116
117
118
119
120
121
122
123
124
125
126
127
128
129
133
134
140
154
161
167
173
174
179
180
181
184
185
186
187
188
189
190
191
192
193
194
195
196
198
199
200
205
240
246
252
253
258
259
260
261
262
263
264
265
266
267
268
272
273
279
321
327
333
334
335
336
337
338
339
340
341
342
343
344
349
350
357
365
381
389
397
405
413
414
420
421
422
423
424
425
426
427
428
429
434
435
441
476
483
490
497
498
499
500
501
502
503
504
505
509
515
551
557
563
564
565
566
567
568
571
603
607
608
609
610
611
612
613
614
615
616
617
618
619
620
621
622
623
624
627
628
632
637
642
643
646
647
650
651
652
653
654
655
656
657
658
659
660
661
662
663
664
665
666
667
668
669
670
671
672
674
675
676
680
681
686
692
698
704
705
709
710
711
714
715
716
717
719
720
721
722
723
724
725
726
727
728
729
730
731
732
733
734
735
736
740
741
747
761
768
774
780
781
786
787
788
791
792
793
794
795
796
797
798
799
800
801
802
803
805
806
807
812
847
853
859
860
865
866
867
868
869
870
871
872
873
874
875
879
880
886
928
934
940
941
942
943
944
945
946
947
948
949
950
951
956
957
964
972
988
996
1004
1012
1020
1021
1027
1028
1029
1030
1031
1032
1033
1034
1035
1036
1041
1042
1048
1083
1090
1097
1104
1105
1106
1107
1108
1109
1110
1111
1112
1116
1122
1158
1164
1170
1171
1172
1173
1174
1175
1178
1210
1227
1228
1229
1230
1244
1245
1246
1247
1248
1262
1263
1264
1265
1266
1280
1281
1282
1283
1284
1298
1299
1300
1301
1302
1316
1317
1318
1319
1320
1328
1329
1330
1331
1332
1333
1334
1338
1343
1348
1353
1358
1363
1378
1379
1383
1388
1393
1408
