0
1
2
3
4
5
6
7
8
9
10
11
12
13
14
15
16
17
20
21
25
30
35
36
39
40
43
44
45
46
47
48
49
50
51
52
53
54
55
56
57
58
59
60
61
62
63
64
65
67
68
69
73
74
79
85
91
97
98
102
103
104
107
108
109
110
112
113
114
115
116
117
118
119
120
121
122
123
124
125
126
127
128
129
133
134
140
154
161
167
173
174
179
180
181
184
185
186
187
188
189
190
191
192
193
194
195
196
198
199
200
205
240
246
252
253
258
259
260
261
262
263
264
265
266
267
268
272
273
279
321
327
333
334
335
336
337
338
339
340
341
342
343
344
349
350
357
365
381
389
397
405
413
414
420
421
422
423
424
425
426
427
428
429
434
435
441
476
483
490
497
498
499
500
501
502
503
504
505
509
515
551
557
563
564
565
566
567
568
571
603
