0.930946
0.906397
0.927882
0.91504
0.902543
0.926325
0.926899
0.93689
0.943616
0.952562
0.95968
0.962898
0.972215
1.02007
1.07074
1.1272
1.2416
0.873831
0.948769
0.930071
0.907916
0.9433
0.938884
0.932703
0.924053
0.936863
0.945344
0.955994
0.957876
0.959381
0.951518
0.953544
0.956097
0.967115
0.992014
0.976691
0.995913
1.03259
1.0942
1.20291
1.07292
1.14573
1.26437
1.38448
1.61957
2.06806
0.901677
0.877688
0.853135
0.962043
0.947647
0.93121
0.912929
0.893392
0.951953
0.950497
0.948006
0.943232
0.936052
0.92712
0.946263
0.948202
0.959966
0.962055
0.964243
0.966056
0.973163
0.951055
0.951785
0.962017
0.983126
1.01528
1.06147
0.978025
1.00356
1.04475
1.11183
1.22082
1.03348
1.08412
1.15789
1.27756
1.49464
1.26502
1.40505
1.64401
2.10069
1.73125
2.06154
0.840614
0.923333
0.904106
0.883917
0.863261
0.97254
0.960905
0.948244
0.934608
0.919184
0.901688
0.958641
0.955919
0.956091
0.954071
0.949983
0.943943
0.936535
0.94405
0.960233
0.963204
0.965276
0.967912
0.974618
0.984277
0.950519
0.949
0.955283
0.971976
0.995313
1.02938
1.08075
0.965673
0.98175
1.01033
1.054
1.11836
1.22968
1.41971
1.04113
1.09189
1.16566
1.28655
1.4998
1.18487
1.27808
1.41952
1.65589
2.11045
1.53865
1.7337
2.04939
2.60565
0.877882
0.871204
0.852478
0.940573
0.926367
0.911239
0.894247
0.875331
0.971013
0.961147
0.951594
0.940353
0.926214
0.910522
0.959091
0.96148
0.961702
0.959926
0.956522
0.951791
0.946144
0.954158
0.963818
0.965801
0.968904
0.975033
0.984084
0.996852
0.948329
0.950597
0.964295
0.982006
1.00707
1.04656
1.10408
0.966408
0.987419
1.01806
1.05844
1.1241
1.23264
1.41998
1.00953
1.04922
1.09948
1.17383
1.29289
1.50537
1.91402
1.19828
1.29204
1.43115
1.66737
2.11967
1.41788
1.54463
1.73037
2.02917
2.55469
0.899173
0.889885
0.872017
0.852214
0.953987
0.943529
0.93276
0.919749
0.902293
0.883913
0.979523
0.970761
0.964082
0.956162
0.945688
0.933107
0.919327
0.963546
0.966228
0.966215
0.964721
0.962164
0.958663
0.954738
0.950738
0.963279
0.965896
0.968667
0.974116
0.981974
0.993863
1.00912
0.946732
0.957273
0.97184
0.990734
1.01912
1.05978
1.11764
0.970202
0.993423
1.02093
1.0622
1.12666
1.2344
1.41856
1.01747
1.05626
1.10637
1.17936
1.29886
1.51159
1.91639
1.14034
1.21103
1.30209
1.44117
1.6771
2.1256
3.0956
1.42534
1.54566
1.72345
2.01635
2.52653
0.911093
0.905125
0.889193
0.870739
0.955289
0.947961
0.938272
0.923896
0.907453
0.978373
0.972197
0.966951
0.959422
0.949867
0.938389
0.96393
0.967054
0.969216
0.969107
0.967981
0.966069
0.964133
0.948545
0.964907
0.96698
0.971664
0.978067
0.987366
0.999869
0.948834
0.948686
0.962332
0.977009
0.997579
1.02553
1.06637
0.957804
0.973727
0.995599
1.02309
1.06359
1.12781
1.23534
1.023
1.06133
1.11019
1.18356
1.30356
1.51639
1.14965
1.21834
1.30903
1.44799
1.68345
2.12932
1.3404
1.42879
1.54482
1.72254
2.01051
2.50592
0.917754
0.904364
0.887862
0.964603
0.958092
0.952093
0.941033
0.927229
0.978129
0.974179
0.9691
0.962134
0.953248
0.963456
0.969582
0.971253
0.971201
0.970381
0.969453
0.953859
0.965908
0.968886
0.974078
0.981273
0.99088
0.947562
0.952363
0.965711
0.981305
1.00136
1.02929
0.957689
0.976638
0.997121
1.02398
1.06439
1.12874
0.989618
1.0271
1.0643
1.11321
1.18692
1.30728
1.15733
1.22371
1.31418
1.45297
1.68808
1.34564
1.43012
1.54582
1.72242
2.00595
0.928296
0.916925
0.966479
0.963885
0.956083
0.98554
0.979571
0.977033
0.972522
0.966715
0.972761
0.973961
0.974148
0.963573
0.966972
0.971738
0.97765
0.945358
0.957698
0.970908
0.985988
0.959856
0.978901
0.998146
1.02497
0.997215
1.03278
1.06865
1.11785
1.1036
1.16602
1.23136
1.32141
1.35132
1.43272
1.5488
