1.03033
1.03279
1.03184
1.03158
1.03118
1.00835
1.01308
1.01604
1.01822
0.973142
0.979112
0.98364
0.987076
0.929542
0.934437
0.85657
0.865836
0.987211
1.02259
1.02632
1.02933
1.02108
1.02077
1.02208
1.02357
1.00127
1.00593
1.00907
1.01176
1.01363
0.966486
0.973041
0.977979
0.981902
0.984799
0.916248
0.921599
0.927757
0.932555
0.936096
0.843831
0.85506
0.865155
0.824501
0.835966
0.854533
0.987049
0.992511
0.99727
1.01612
1.02063
1.02449
1.02754
1.02964
1.01459
1.01357
1.01541
1.0178
1.02003
1.02162
0.993196
0.999659
1.00296
1.006
1.00824
1.01
1.01115
0.966603
0.972116
0.976484
0.97995
0.98273
0.984764
0.913831
0.920413
0.925735
0.930035
0.93355
0.83004
0.842738
0.854824
0.865057
0.87286
0.807575
0.821587
0.833839
0.843665
0.836968
0.854941
0.995806
0.984796
0.991736
0.997977
1.0033
1.01017
1.01487
1.01947
1.02339
1.02646
1.02856
1.01201
1.00861
1.00959
1.0124
1.01541
1.01789
1.01967
0.99365
0.997398
1.0006
1.00319
1.00545
1.00728
1.00853
0.959272
0.965968
0.970945
0.974891
0.978313
0.981097
0.98313
0.906873
0.912805
0.918716
0.923637
0.928007
0.930973
0.933616
0.828925
0.8425
0.854636
0.864457
0.872555
0.789687
0.80526
0.819924
0.83249
0.842611
0.815604
0.837121
0.855398
0.870111
0.985988
0.997503
0.998716
0.982117
0.991044
0.998986
1.00553
1.01008
1.00857
1.0138
1.01849
1.02243
1.02544
1.0275
1.0052
1.00337
1.00627
1.00993
1.01323
1.01593
1.01786
0.991967
0.994746
0.997386
0.999981
1.00237
1.00432
1.00569
0.959287
0.964771
0.969029
0.972948
0.976386
0.978827
0.980916
0.904595
0.910954
0.916103
0.921067
0.924979
0.928707
0.931452
0.814002
0.82831
0.842165
0.853883
0.86403
0.872122
0.87805
0.786438
0.803187
0.818364
0.831367
0.84181
0.790725
0.81551
0.83747
0.856123
0.871132
0.984573
0.992481
0.993466
0.992835
0.97785
0.988856
0.998594
1.00643
1.01111
1.01447
1.00218
1.00774
1.01312
1.01782
1.02167
1.02465
1.02671
0.998529
1.00007
1.00406
1.00805
1.01157
1.01443
1.01645
0.984912
0.989338
0.991618
0.994188
0.996944
0.999489
1.0014
1.00304
0.95847
0.962857
0.966997
0.970923
0.974075
0.976979
0.979115
0.903136
0.908087
0.913286
0.917916
0.922604
0.926594
0.929499
0.812613
0.827876
0.841259
0.853326
0.863501
0.87161
0.877541
0.766428
0.784133
0.801594
0.817308
0.830662
0.841344
0.849171
0.790279
0.815634
0.83806
0.857078
0.872381
0.977964
0.987695
0.989031
0.988939
0.982788
0.994939
1.00429
1.01004
1.01435
1.00149
1.00735
1.01278
1.0174
1.0212
1.02416
1.00279
0.995179
0.99835
1.00275
1.00693
1.01056
1.01328
0.985573
0.987228
0.989104
0.991841
0.994753
0.997304
0.999706
0.951354
0.957319
0.961209
0.965363
0.969015
0.972618
0.975576
0.897181
0.901171
0.905756
0.910523
0.915955
0.920948
0.925023
0.812114
0.826923
0.840728
0.852844
0.863045
0.871173
0.764078
0.782712
0.800709
0.81675
0.830314
0.84115
0.762114
0.790104
0.815904
0.838672
0.857969
0.873496
0.982997
0.985103
0.985579
0.973236
0.987711
0.999925
1.00728
1.01264
1.00113
1.00719
1.01257
1.01714
1.02092
0.998517
0.993212
0.99726
1.00191
1.0062
1.00969
0.984686
0.985199
0.98714
0.990035
0.992939
0.995954
0.951587
0.956012
0.959831
0.963661
0.967787
0.971451
0.895423
0.899119
0.903105
0.908787
0.914518
0.919606
0.797024
0.811749
0.82643
0.840263
0.85241
0.862642
0.762445
0.78179
0.800175
0.816433
0.830148
0.761626
0.790079
0.816239
0.839288
0.858812
0.977494
0.979753
0.979951
0.995915
1.00498
0.995011
1.00091
1.00706
1.01235
0.991423
0.99119
0.996018
1.00088
0.982189
0.981977
0.984239
0.987319
0.95089
0.953763
0.957241
0.961653
0.893641
0.895765
0.900134
0.906308
0.795172
0.810361
0.825561
0.839464
0.74286
0.760475
0.780743
0.799577
0.76108
0.790272
0.816965
