0.930946
0.906397
0.927882
0.91504
0.902543
0.926325
0.926899
0.93689
0.943616
0.952562
0.95968
0.962898
0.972215
1.02007
1.07074
1.1272
1.2416
0.873831
0.948769
0.930071
0.907916
0.9433
0.938884
0.932703
0.924053
0.936863
0.945344
0.955994
0.957876
0.959381
0.951518
0.953544
0.956097
0.967115
0.992014
0.976691
0.995913
1.03259
1.0942
1.20291
1.07292
1.14573
1.26437
1.38448
1.61957
2.06806
0.901677
0.877688
0.853135
0.962043
0.947647
0.93121
0.912929
0.893392
0.951953
0.950497
0.948006
0.943232
0.936052
0.92712
0.946263
0.948202
0.959966
0.962055
0.964243
0.966056
0.973163
0.951055
0.951785
0.962017
0.983126
1.01528
1.06147
0.978025
1.00356
1.04475
1.11183
1.22082
1.03348
1.08412
1.15789
1.27756
1.49464
1.26502
1.40505
1.64401
2.10069
1.73125
2.06154
0.840614
0.923333
0.904106
0.883917
0.863261
0.97254
0.960905
0.948244
0.934608
0.919184
0.901688
0.958641
0.955919
0.956091
0.954071
0.949983
0.943943
0.936535
0.94405
0.960233
0.963204
0.965276
0.967912
0.974618
0.984277
0.950519
0.949
0.955283
0.971976
0.995313
1.02938
1.08075
0.965673
0.98175
1.01033
1.054
1.11836
1.22968
1.41971
1.04113
1.09189
1.16566
1.28655
1.4998
1.18487
1.27808
1.41952
1.65589
2.11045
1.53865
1.7337
2.04939
2.60565
0.877882
0.871204
0.852478
0.940573
0.926367
0.911239
0.894247
0.875331
0.971013
0.961147
0.951594
0.940353
0.926214
0.910522
0.959091
0.96148
0.961702
0.959926
0.956522
0.951791
0.946144
0.954158
0.963818
0.965801
0.968904
0.975033
0.984084
0.996852
0.948329
0.950597
0.964295
0.982006
1.00707
1.04656
1.10408
0.966408
0.987419
1.01806
1.05844
1.1241
1.23264
1.41998
1.00953
1.04922
1.09948
1.17383
1.29289
1.50537
1.91402
1.19828
1.29204
1.43115
1.66737
2.11967
1.41788
1.54463
1.73037
2.02917
2.55469
0.899173
0.889885
0.872017
0.852214
0.953987
0.943529
0.93276
0.919749
0.902293
0.883913
0.979523
0.970761
0.964082
0.956162
0.945688
0.933107
0.919327
0.963546
0.966228
0.966215
0.964721
0.962164
0.958663
0.954738
0.950738
0.963279
0.965896
0.968667
0.974116
0.981974
0.993863
1.00912
0.946732
0.957273
0.97184
0.990734
1.01912
1.05978
1.11764
0.970202
0.993423
1.02093
1.0622
1.12666
1.2344
1.41856
1.01747
1.05626
1.10637
1.17936
1.29886
1.51159
1.91639
1.14034
1.21103
1.30209
1.44117
1.6771
2.1256
3.0956
1.42534
1.54566
1.72345
2.01635
2.52653
0.911093
0.905125
0.889193
0.870739
0.955289
0.947961
0.938272
0.923896
0.907453
0.978373
0.972197
0.966951
0.959422
0.949867
0.938389
0.96393
0.967054
0.969216
0.969107
0.967981
0.966069
0.964133
0.948545
0.964907
0.96698
0.971664
0.978067
0.987366
0.999869
0.948834
0.948686
0.962332
0.977009
0.997579
1.02553
1.06637
0.957804
0.973727
0.995599
1.02309
1.06359
1.12781
1.23534
1.023
1.06133
1.11019
1.18356
1.30356
1.51639
1.14965
1.21834
1.30903
1.44799
1.68345
2.12932
1.3404
1.42879
1.54482
1.72254
2.01051
2.50592
0.917754
0.904364
0.887862
0.964603
0.958092
0.952093
0.941033
0.927229
0.978129
0.974179
0.9691
0.962134
0.953248
0.963456
0.969582
0.971253
0.971201
0.970381
0.969453
0.953859
0.965908
0.968886
0.974078
0.981273
0.99088
0.947562
0.952363
0.965711
0.981305
1.00136
1.02929
0.957689
0.976638
0.997121
1.02398
1.06439
1.12874
0.989618
1.0271
1.0643
1.11321
1.18692
1.30728
1.15733
1.22371
1.31418
1.45297
1.68808
1.34564
1.43012
1.54582
1.72242
2.00595
0.928296
0.916925
0.966479
0.963885
0.956083
0.98554
0.979571
0.977033
0.972522
0.966715
0.972761
0.973961
0.974148
0.963573
0.966972
0.971738
0.97765
0.945358
0.957698
0.970908
0.985988
0.959856
0.978901
0.998146
1.02497
0.997215
1.03278
1.06865
1.11785
1.1036
1.16602
1.23136
1.32141
1.35132
1.43272
1.5488
1.03033
1.03279
1.03184
1.03158
1.03118
1.00835
1.01308
1.01604
1.01822
0.973142
0.979112
0.98364
0.987076
0.929542
0.934437
0.85657
0.865836
0.987211
1.02259
1.02632
1.02933
1.02108
1.02077
1.02208
1.02357
1.00127
1.00593
1.00907
1.01176
1.01363
0.966486
0.973041
0.977979
0.981902
0.984799
0.916248
0.921599
0.927757
0.932555
0.936096
0.843831
0.85506
0.865155
0.824501
0.835966
0.854533
0.987049
0.992511
0.99727
1.01612
1.02063
1.02449
1.02754
1.02964
1.01459
1.01357
1.01541
1.0178
1.02003
1.02162
0.993196
0.999659
1.00296
1.006
1.00824
1.01
1.01115
0.966603
0.972116
0.976484
0.97995
0.98273
0.984764
0.913831
0.920413
0.925735
0.930035
0.93355
0.83004
0.842738
0.854824
0.865057
0.87286
0.807575
0.821587
0.833839
0.843665
0.836968
0.854941
0.995806
0.984796
0.991736
0.997977
1.0033
1.01017
1.01487
1.01947
1.02339
1.02646
1.02856
1.01201
1.00861
1.00959
1.0124
1.01541
1.01789
1.01967
0.99365
0.997398
1.0006
1.00319
1.00545
1.00728
1.00853
0.959272
0.965968
0.970945
0.974891
0.978313
0.981097
0.98313
0.906873
0.912805
0.918716
0.923637
0.928007
0.930973
0.933616
0.828925
0.8425
0.854636
0.864457
0.872555
0.789687
0.80526
0.819924
0.83249
0.842611
0.815604
0.837121
0.855398
0.870111
0.985988
0.997503
0.998716
0.982117
0.991044
0.998986
1.00553
1.01008
1.00857
1.0138
1.01849
1.02243
1.02544
1.0275
1.0052
1.00337
1.00627
1.00993
1.01323
1.01593
1.01786
0.991967
0.994746
0.997386
0.999981
1.00237
1.00432
1.00569
0.959287
0.964771
0.969029
0.972948
0.976386
0.978827
0.980916
0.904595
0.910954
0.916103
0.921067
0.924979
0.928707
0.931452
0.814002
0.82831
0.842165
0.853883
0.86403
0.872122
0.87805
0.786438
0.803187
0.818364
0.831367
0.84181
0.790725
0.81551
0.83747
0.856123
0.871132
0.984573
0.992481
0.993466
0.992835
0.97785
0.988856
0.998594
1.00643
1.01111
1.01447
1.00218
1.00774
1.01312
1.01782
1.02167
1.02465
1.02671
0.998529
1.00007
1.00406
1.00805
1.01157
1.01443
1.01645
0.984912
0.989338
0.991618
0.994188
0.996944
0.999489
1.0014
1.00304
0.95847
0.962857
0.966997
0.970923
0.974075
0.976979
0.979115
0.903136
0.908087
0.913286
0.917916
0.922604
0.926594
0.929499
0.812613
0.827876
0.841259
0.853326
0.863501
0.87161
0.877541
0.766428
0.784133
0.801594
0.817308
0.830662
0.841344
0.849171
0.790279
0.815634
0.83806
0.857078
0.872381
0.977964
0.987695
0.989031
0.988939
0.982788
0.994939
1.00429
1.01004
1.01435
1.00149
1.00735
1.01278
1.0174
1.0212
1.02416
1.00279
0.995179
0.99835
1.00275
1.00693
1.01056
1.01328
0.985573
0.987228
0.989104
0.991841
0.994753
0.997304
0.999706
0.951354
0.957319
0.961209
0.965363
0.969015
0.972618
0.975576
0.897181
0.901171
0.905756
0.910523
0.915955
0.920948
0.925023
0.812114
0.826923
0.840728
0.852844
0.863045
0.871173
0.764078
0.782712
0.800709
0.81675
0.830314
0.84115
0.762114
0.790104
0.815904
0.838672
0.857969
0.873496
0.982997
0.985103
0.985579
0.973236
0.987711
0.999925
1.00728
1.01264
1.00113
1.00719
1.01257
1.01714
1.02092
0.998517
0.993212
0.99726
1.00191
1.0062
1.00969
0.984686
0.985199
0.98714
0.990035
0.992939
0.995954
0.951587
0.956012
0.959831
0.963661
0.967787
0.971451
0.895423
0.899119
0.903105
0.908787
0.914518
0.919606
0.797024
0.811749
0.82643
0.840263
0.85241
0.862642
0.762445
0.78179
0.800175
0.816433
0.830148
0.761626
0.790079
0.816239
0.839288
0.858812
0.977494
0.979753
0.979951
0.995915
1.00498
0.995011
1.00091
1.00706
1.01235
0.991423
0.99119
0.996018
1.00088
0.982189
0.981977
0.984239
0.987319
0.95089
0.953763
0.957241
0.961653
0.893641
0.895765
0.900134
0.906308
0.795172
0.810361
0.825561
0.839464
0.74286
0.760475
0.780743
0.799577
0.76108
0.790272
0.816965
1.02293
1.03286
1.04371
1.05545
1.06898
1.08373
1.10003
1.11775
1.13744
1.15883
1.38028
1.41644
1.45272
1.02010
1.02801
1.03714
1.04735
1.05910
1.07208
1.08687
1.10291
1.12125
1.14193
1.38355
1.42306
1.46837
1.01976
1.02712
1.03556
1.04485
1.05570
1.06782
1.08199
1.09732
1.11511
1.13533
1.39028
1.43413
1.48461
1.02367
1.03132
1.04007
1.04985
1.06109
1.07356
1.08785
1.10361
1.12169
1.14217
1.39406
1.43592
1.48454
1.03093
1.04001
1.05008
1.06120
1.07406
1.08818
1.10421
1.12190
1.14173
1.16347
1.40902
1.45430
1.50443
1.04136
1.05209
1.06444
1.07814
1.09335
1.10979
1.12799
1.14608
1.16623
1.18749
1.43827
1.47815
1.52119
1.14876
1.16866
1.18987
1.21406
1.45171
1.49288
1.53310
1.10217
0.99194
0.92420
1.12618
1.10481
1.06434
1.09188
1.05880
1.09516
1.07749
1.17869
1.08749
1.12661
1.03533
1.02689
0.96006
1.09141
1.06015
1.14515
0.92438
1.06550
1.07511
1.20531
0.97154
1.11192
1.03798
1.06714
0.84109
0.92139
1.07643
1.06776
1.16110
0.84592
0.90156
1.06451
1.08126
1.21415
0.77090
0.75204
0.86524
0.92943
0.79226
0.79349
0.94421
0.95545
0.80233
0.81206
0.98544
0.95406
0.80805
0.78659
0.88914
0.74807
0.98024
0.83222
0.82163
0.94843
0.75022
0.98578
0.83866
0.83591
0.98177
0.97656
0.82890
0.80286
0.89285
0.77362
0.99155
0.84827
0.83300
0.94692
0.77159
0.98236
0.85286
0.84586
0.97835
