1.02293
1.03286
1.04371
1.05545
1.06898
1.08373
1.10003
1.11775
1.13744
1.15883
1.38028
1.41644
1.45272
1.02010
1.02801
1.03714
1.04735
1.05910
1.07208
1.08687
1.10291
1.12125
1.14193
1.38355
1.42306
1.46837
1.01976
1.02712
1.03556
1.04485
1.05570
1.06782
1.08199
1.09732
1.11511
1.13533
1.39028
1.43413
1.48461
1.02367
1.03132
1.04007
1.04985
1.06109
1.07356
1.08785
1.10361
1.12169
1.14217
1.39406
1.43592
1.48454
1.03093
1.04001
1.05008
1.06120
1.07406
1.08818
1.10421
1.12190
1.14173
1.16347
1.40902
1.45430
1.50443
1.04136
1.05209
1.06444
1.07814
1.09335
1.10979
1.12799
1.14608
1.16623
1.18749
1.43827
1.47815
1.52119
1.14876
1.16866
1.18987
1.21406
1.45171
1.49288
1.53310
