0.7194
0.519
0.7461
0.5886
0.423
0.8052
0.6053
0.4247
0.3185
0.6277
0.445
0.3483
0.2528
0.3357
0.2231
0.1894
0.1094
0.696
0.8087
0.6787
0.5751
0.8622
0.6899
0.5674
0.4353
0.9531
0.7372
0.5262
0.3865
0.3245
0.7617
0.614
0.4337
0.3419
0.2684
0.5744
0.4358
0.2797
0.1975
0.1226
0.2478
0.1699
0.1222
0.1004
0.0489
0.0203
0.8621
0.681
0.6785
1.0276
0.8819
0.7145
0.5441
0.3902
1.1638
0.9993
0.7182
0.47
0.3892
0.272
1.1902
0.952
0.7099
0.4647
0.3881
0.3338
0.2365
0.7792
0.5674
0.4981
0.301
0.2509
0.1223
0.538
0.4094
0.2898
0.2068
0.1214
0.3604
0.2251
0.1381
0.0773
0.0674
0.1412
0.0744
0.0382
0.0255
0.0275
0.009
0.6394
1.1557
0.8535
0.6688
0.5162
1.2779
1.1045
0.9603
0.5617
0.5407
0.4178
1.3292
1.2019
0.9211
0.6702
0.4917
0.4677
0.3317
1.0927
0.8464
0.5595
0.5825
0.4138
0.3366
0.2272
0.9809
0.8095
0.6914
0.4224
0.3113
0.1812
0.1491
0.6349
0.5505
0.3976
0.2892
0.1272
0.088
0.0858
0.3254
0.2074
0.1191
0.0879
0.0692
0.1163
0.1322
0.0718
0.037
0.0235
0.0376
0.0192
0.0232
0.0085
1.0062
0.7616
0.7661
1.3346
1.1323
0.9141
0.6418
0.6608
1.2218
1.1565
0.8236
0.6566
0.5407
0.4807
1.4584
1.1122
0.8841
0.6757
0.6546
0.3847
0.3454
1.2781
0.9357
0.7267
0.4852
0.3591
0.3085
0.2161
0.9279
0.7273
0.6205
0.3505
0.2575
0.1955
0.1652
0.6582
0.4915
0.3769
0.2718
0.1644
0.0963
0.0801
0.3851
0.3021
0.2163
0.1316
0.0839
0.0387
0.0348
0.1541
0.1051
0.076
0.0423
0.0191
0.0601
0.0484
0.0354
0.0141
0.0113
1.1894
1.0706
1.01
0.648
1.5949
1.1839
0.9178
0.7529
0.792
0.6391
1.3439
1.1322
1.202
0.8638
0.677
0.5233
0.4299
1.2867
1.0903
0.6601
0.6142
0.4624
0.3847
0.2905
1.4335
1.1231
1.068
0.646
0.5346
0.3725
0.2971
0.2632
0.9465
0.7398
0.519
0.3352
0.3104
0.2039
0.1461
0.7468
0.5326
0.3836
0.2665
0.1894
0.1125
0.0729
0.3559
0.3149
0.1673
0.1803
0.0909
0.0713
0.026
0.1999
0.1618
0.0708
0.0385
0.0383
0.0148
0.0311
0.0743
0.035
0.0343
0.0114
0.0094
1.4797
1.0828
0.982
0.6977
1.461
1.3237
0.9266
0.7161
0.8429
1.5941
1.2866
0.9687
0.8679
0.6731
0.4921
1.2996
1.3509
1.1095
1.0939
0.6228
0.4419
0.4658
1.3405
1.1603
0.7446
0.9178
0.3944
0.3489
0.2498
1.2345
0.8519
0.5315
0.4729
0.4375
0.3312
0.131
0.9722
0.5518
0.4856
0.4175
0.2462
0.1788
0.0805
0.3109
0.31
0.1264
0.1181
0.097
0.0722
0.2229
0.1214
0.1325
0.0412
0.0229
0.0059
0.0622
0.0734
0.0519
0.0294
0.0134
0.0173
1.1192
1.2749
0.9294
1.3228
1.1974
0.9463
1.1756
0.8985
1.4524
1.4699
1.108
0.9895
0.6143
1.4268
1.2398
1.0757
0.7604
0.78
0.5523
1.1728
1.0995
0.7917
0.7467
0.6294
0.3442
0.8643
1.172
0.7282
0.6397
0.3665
0.2792
0.7322
0.6442
0.4219
0.4203
0.228
0.1846
0.4339
0.3805
0.2169
0.2654
0.0675
0.0458
0.171
0.1145
0.0859
0.0507
0.0232
0.0641
0.0782
0.0425
0.0118
0.0058
1.2013
1.3012
1.7964
1.4314
1.375
1.8992
1.5237
1.4457
0.9169
1.6236
1.7238
1.0536
0.6159
1.2224
0.9377
0.7897
0.6639
1.102
0.686
0.6894
0.4111
0.834
0.7149
0.4163
0.3189
0.4852
0.3869
0.1918
0.1453
0.2027
0.1644
0.1011
0.0722
0.0736
0.0686
0.0415
1.8257
1.7601
1.7397
1.7481
1.675
1.6442
1.6435
1.6708
1.5439
1.4798
1.49
1.4765
1.4271
1.1634
1.1374
0.7532
0.7614
1.7209
1.8561
1.8693
1.6965
1.79
1.7841
1.7316
1.7382
1.6671
1.5978
1.6374
1.6822
1.5771
1.4825
1.4235
1.4924
1.4187
1.466
1.1505
1.1482
1.0492
1.1106
1.0781
0.71
0.7179
0.7051
0.3829
0.3748
0.1603
1.8269
1.746
1.7297
1.8468
1.8758
1.764
1.7746
1.7412
1.8628
1.86
1.817
1.7459
1.6513
1.7645
1.7423
1.5788
1.6565
1.6372
1.5701
1.5032
1.5134
1.6099
1.5133
1.3884
1.4257
1.3594
1.2941
1.2069
1.1377
1.0877
1.0054
0.9982
0.6997
0.7066
0.6787
0.637
0.6436
0.4038
0.3626
0.369
0.314
0.162
0.1424
1.5216
1.8726
1.974
1.8741
1.7278
1.9785
1.9538
1.8525
1.8521
1.8547
1.7113
1.8105
1.8287
1.8716
1.7688
1.7494
1.7641
1.6267
1.6742
1.6161
1.5994
1.7877
1.6471
1.5696
1.4596
1.4995
1.4796
1.4398
1.4184
1.4
1.331
1.344
1.1008
1.1765
1.037
1.1252
1.0824
1.078
1.0356
0.6953
0.7202
0.7206
0.6269
0.6697
0.409
0.3424
0.3766
0.3255
0.3317
0.1734
0.1444
0.161
0.1293
1.711
1.5048
1.4664
2.0756
1.9115
1.8882
1.8814
1.6883
1.9852
1.9613
1.8421
1.9772
1.9328
1.7373
1.7245
1.7929
1.9081
1.803
1.8066
1.7281
1.683
1.5696
1.6495
1.642
1.5417
1.5902
1.6204
1.5419
1.4496
1.5012
1.3267
1.4049
1.3746
1.3746
1.2851
1.1166
1.0472
1.0461
1.0073
1.0354
1.0093
1.0244
0.7427
0.7553
0.6352
0.6599
0.5953
0.6072
0.5885
0.3696
0.3732
0.3403
0.3385
0.3028
0.158
0.1457
0.1404
0.1306
0.1518
1.8498
1.7181
1.828
1.5504
2.0231
2.0748
2.0048
2.0083
1.8462
1.7086
2.0827
1.9199
1.9956
1.8258
1.9623
1.8504
1.7855
1.9277
1.8449
1.8825
1.7481
1.7657
1.7322
1.6661
1.6883
1.7317
1.7233
1.5543
1.4807
1.4869
1.5382
1.5726
1.4275
1.5234
1.3732
1.4315
1.3212
1.3745
1.3377
1.1021
1.1254
1.0328
1.0011
0.9734
0.9176
0.9881
0.7294
0.6958
0.6548
0.6009
0.5818
0.5756
0.5289
0.4429
0.3382
0.3608
0.302
0.3044
0.287
0.2661
0.1685
0.1396
0.1194
0.1144
0.1073
2.084
1.6288
1.9745
1.653
2.0849
2.1154
2.0471
1.9008
1.9097
2.0153
1.9782
1.9862
1.9666
1.8049
1.8977
1.8599
1.8741
1.8551
1.8829
1.8042
1.7241
1.64
1.7096
1.5514
1.6511
1.5377
1.578
1.5205
1.4902
1.4383
1.5508
1.4869
1.4398
1.3045
1.3526
1.3003
1.123
1.0325
1.061
1.1247
1.1091
1.0291
1.0204
0.695
0.6782
0.65
0.5899
0.6266
0.5593
0.3564
0.3325
0.3385
0.3136
0.2947
0.3134
0.1443
0.1487
0.1565
0.1454
0.131
0.1067
2.026
1.8861
1.7877
2.1846
2.0861
1.962
2.0781
1.8275
2.0706
2.0384
1.9776
1.8255
1.888
2.0234
2.1246
1.9711
1.7987
1.7516
1.6151
1.6778
1.6062
1.6752
1.7129
1.6432
1.6576
1.5229
1.3923
1.4222
1.3099
1.3366
1.2012
1.2162
1.114
1.0246
1.0513
0.9678
0.8963
0.7739
0.6725
0.6202
0.5844
0.531
0.5838
0.3657
0.3314
0.32
0.3545
0.2892
0.1638
0.1622
0.1461
0.1267
0.1041
2.3119
2.2021
2.3501
2.3593
2.2101
2.0886
2.2681
2.0629
2.0744
2.0878
1.9172
2.0497
1.7999
1.7036
1.7235
1.5928
1.7327
1.4714
1.4219
1.3867
1.3525
1.048
1.026
1.0925
0.9903
0.675
0.6767
0.6031
0.5885
0.3607
0.3322
0.3074
0.3097
0.1431
0.1328
0.1093
364.0
209.0
220.0
243.0
119.0
176.0
174.0
140.0
105.0
123.0
34.9
28.9
27.4
399.0
315.0
277.0
244.0
237.0
192.0
166.0
161.0
145.0
127.0
45.6
28.9
30.9
424.0
350.0
363.0
248.0
208.0
212.0
148.0
144.0
143.0
114.0
39.7
33.1
27.4
431.0
347.0
386.0
274.0
294.0
223.0
169.0
137.0
137.0
126.0
46.0
37.0
30.2
560.0
405.0
315.0
274.0
318.0
214.0
162.0
159.0
135.0
133.0
57.1
41.1
34.5
419.0
396.0
331.0
377.0
401.0
193.0
153.0
151.0
134.0
149.0
59.5
40.3
31.3
198.0
173.0
149.0
98.6
71.1
28.7
36.8
11.04737081105
8.644196942431
2.552783687296
10.42862087181
11.47526161491
6.036467631028
3.094278990413
8.515955716326
7.953596834122
7.045061694462
2.474287437295
14.49534689162
14.22932346621
8.318414332213
3.057289948749
14.48913471943
11.33342174343
9.777395317494
3.451094979152
15.54014675025
10.29748333133
7.557912070838
3.263312021879
16.70186367728
11.44685886144
7.239226588753
4.409385305966
17.25229582754
14.57353621894
11.59268795157
7.827772283748
3.830724155268
12.08624009395
16.02669783285
13.34722566774
6.333875293209
2.427649012271
12.70772238514
9.792092884995
4.171932282586
15.65819456307
15.27845575803
9.727416723071
4.305182568593
15.23383060622
14.40302366832
11.49359051422
3.542341257507
15.88066681461
15.60476223121
10.25531119412
4.506612679395
21.55520066196
20.25222158144
17.8813439871
11.3337020057
4.122349578173
21.07832183991
17.16860282583
14.85447712254
11.60107038033
4.209813497474
22.90776787991
16.45607004656
12.03906936429
4.396157575171
23.04488211576
21.60461201729
15.54136157247
10.01235784283
4.290507875066
22.01707916891
18.36848260771
14.5158198887
11.68931397857
3.957547719939
