1.6276904
1.5928638
1.662968
1.6298851
1.59997
1.6133755
1.5787364
1.5477306
1.520541
1.4732585
1.4379325
1.4080534
1.3824681
1.1731703
1.1435832
0.7869668
0.7610133
1.5400358
1.7063984
1.66684
1.6313183
1.7193303
1.6810149
1.6457496
1.6148005
1.6533066
1.6127675
1.5761644
1.5440149
1.5161856
1.4963515
1.4538548
1.4186318
1.3887241
1.3631389
1.2164531
1.1716926
1.1369418
1.108635
1.0849652
0.778384
0.747621
0.7230506
0.41268373
0.39558735
0.17291579
1.6270661
1.5862395
1.5503554
1.7741725
1.7305485
1.6900773
1.6542696
1.6238731
1.7713373
1.7287428
1.688179
1.65192
1.6204408
1.5939136
1.6972406
1.650542
1.6076905
1.5700346
1.5372206
1.5091026
1.4852666
1.4802153
1.4375523
1.4020587
1.3720908
1.3465985
1.3247583
1.1874766
1.1441439
1.1104065
1.0828515
1.0597601
0.7881319
0.7492276
0.7197055
0.69622177
0.673703
0.412869
0.39224365
0.3736
0.3611611
0.17073698
0.16207176
1.4141855
1.7058334
1.6613599
1.6204326
1.5846518
1.8368268
1.7914597
1.7466885
1.705675
1.6695915
1.6391505
1.8209332
1.7778878
1.7326196
1.6909381
1.6541014
1.6223474
1.595684
1.6952503
1.6455774
1.6012645
1.5627556
1.5296172
1.5013405
1.4774874
1.5207269
1.4663287
1.4232846
1.3876555
1.357617
1.332045
1.3103622
1.2241528
1.164862
1.1225021
1.0894284
1.0623933
1.0368037
1.018021
0.7644901
0.72683364
0.6983424
0.672576
0.6546204
0.42313415
0.39654335
0.37438703
0.35969254
0.34776196
0.17286669
0.16224134
0.15414801
0.1477248
1.5676808
1.523445
1.4818122
1.7912836
1.7448186
1.6994884
1.6580585
1.6221846
1.8567343
1.8087834
1.7628264
1.7210982
1.6847577
1.6541991
1.830526
1.7816591
1.7339845
1.6912045
1.6538197
1.6218358
1.595116
1.6898258
1.6367383
1.5909804
1.5518632
1.5184631
1.4900436
1.4661075
1.5035113
1.448351
1.4048604
1.369062
1.3390311
1.3119065
1.2905954
1.1958097
1.1381733
1.0967994
1.0643779
1.0350804
1.0134007
0.99492073
0.78963083
0.73714066
0.70099336
0.670773
0.6497618
0.6324282
0.6178687
0.4031899
0.3755696
0.35777184
0.34377366
0.33241424
0.17631787
0.1626355
0.15283577
0.14532846
0.13935243
1.6836379
1.6374649
1.5910404
1.5482695
1.8750567
1.8302164
1.7820325
1.735525
1.6933217
1.6569916
1.9204997
1.873268
1.8232464
1.7760789
1.7336751
1.6969332
1.6661874
1.8351014
1.7814754
1.7320375
1.6884358
1.6506424
1.6184067
1.5915046
1.7443323
1.6806608
1.6248388
1.5779647
1.5383425
1.5047178
1.4757482
1.4519745
1.4843347
1.4281831
1.384317
1.3484286
1.3166679
1.291639
1.27036
1.1670301
1.1108009
1.0702423
1.0357648
1.0103492
0.98893774
0.97066885
0.7602846
0.7098671
0.6723914
0.6470459
0.62676567
0.6100242
0.5959338
0.41913196
0.3809739
0.35826552
0.34133834
0.3280186
0.3171769
0.30817088
0.16544886
0.15287954
0.14380874
0.13682579
0.13123873
1.7821982
1.738956
1.6901033
1.641916
1.9058498
1.8588846
1.8090768
1.761335
1.7183561
1.9343246
1.8840156
1.8323992
1.7843133
1.7414348
1.7042629
1.8853372
1.8353828
1.7790439
1.7284645
1.684332
1.6462299
1.6142182
1.740422
1.6712315
1.6135583
1.5660663
1.5261507
1.4916427
1.4632694
1.5498738
1.4679806
1.4111755
1.3671014
1.3292809
1.299728
1.2746667
1.2380683
1.1444839
1.0891876
1.0463169
1.0156982
0.9904863
0.9692653
0.73768777
0.6856799
0.65334135
0.62869906
0.60893816
0.5925819
0.40274298
0.3669256
0.34509957
0.32882106
0.3159781
0.3054981
0.17578548
0.15746929
0.14565462
0.13708748
0.13046393
0.12514605
1.8293395
1.7828393
1.7317195
1.9658267
1.9300281
1.8810388
1.8296944
1.7808968
1.9440129
1.8913515
1.8385087
1.7897079
1.7462403
1.8909771
1.8338695
1.7756433
1.724256
1.6797
1.6414139
1.7354875
1.6620789
1.603229
1.5552914
1.5141418
1.4805331
1.5369774
1.4537424
1.3964626
1.3500645
1.3147056
1.2850984
1.217912
1.1259432
1.0678974
1.0293792
0.99895203
0.97389966
0.8048837
0.71947557
0.669499
0.6378902
0.6137685
0.5943743
0.38690162
0.35567296
0.33454135
0.31874642
0.30625588
0.1685628
0.15122394
0.13996647
0.13176832
0.12540807
1.9384533
1.9007142
2.006259
1.9657422
1.9131153
1.9979706
1.9565581
1.9004028
1.8456482
1.894645
1.8286554
1.7678806
1.7153908
1.724413
1.6453314
1.5850977
1.5351802
1.515237
1.429831
1.369535
1.3259435
1.1863399
1.0965219
1.0402704
1.0021232
0.7731356
0.6881302
0.64429533
0.61374915
0.4276525
0.36802495
0.3383778
0.3182607
0.1578336
0.14184132
0.13136706
