393.54614
336.4423
288.39056
248.48807
213.15875
183.3293
157.77435
136.09206
117.082634
100.65647
31.258059
27.063993
23.446733
17.675463
10.185999
4.644241
1.7835147
410.87198
352.51917
302.38464
260.7856
224.16205
193.34813
166.24152
143.5924
123.66801
106.26845
32.641724
28.260548
24.31142
18.205069
10.272561
4.5068593
1.7035581
0.6062436
425.29138
365.56976
314.00882
270.62714
233.51624
201.64691
173.2785
150.23709
129.46443
111.26832
34.388466
29.77538
25.571796
19.117638
10.726206
4.6169405
1.6806391
0.5897045
434.95322
374.2991
322.09158
278.43655
240.00899
207.71103
179.12442
155.1283
134.06476
115.586426
36.344524
31.531199
27.176235
20.417316
11.543602
4.9847155
1.7655439
0.5762236
440.59866
378.71564
326.30283
282.62506
243.7657
210.84117
182.45883
158.18184
136.86612
118.37574
38.10944
33.125084
28.742817
21.740278
12.486624
5.4956555
1.9235263
0.57260954
439.74146
378.83176
326.5535
282.23624
244.05074
211.32744
182.5458
158.83064
137.44955
119.15469
39.126225
34.086636
29.628176
22.572342
13.087725
5.7861867
1.987783
0.5591261
179.87589
155.79185
135.36151
117.26675
38.649094
33.526882
29.303709
22.244587
12.8545475
5.5907393
1.8657646
0.49013448
