0.5671448
0.45850316
0.6067737
0.47130096
0.3630415
0.66819745
0.5069762
0.37596172
0.27340734
0.5607479
0.41095513
0.2912623
0.19898121
0.29278037
0.19735521
0.17972547
0.118687265
0.57693505
0.7176176
0.58425117
0.47538802
0.77016157
0.6082462
0.47368202
0.3665364
0.8466507
0.65662956
0.4990812
0.3709942
0.27083114
0.72257525
0.54431033
0.39958104
0.28384572
0.19462544
0.5450849
0.39865348
0.28221226
0.19077028
0.12144627
0.24711257
0.17191356
0.11424253
0.092329465
0.061794497
0.027934942
0.711083
0.6053089
0.5217161
0.88684404
0.7294185
0.59525144
0.4862112
0.40327832
0.9590165
0.7700838
0.6084947
0.47453517
0.36813393
0.28911775
1.0607964
0.8359075
0.64888406
0.49354076
0.36732882
0.26874846
0.19677228
0.7071558
0.53328335
0.3918947
0.2787878
0.1916113
0.1288478
0.5294507
0.38754073
0.27471712
0.1860724
0.11887338
0.33149424
0.23814951
0.16613646
0.11083011
0.06928503
0.12674059
0.08820925
0.05892651
0.03808802
0.038694054
0.026595404
0.6468332
0.86032397
0.7333169
0.626746
0.542902
1.0754914
0.89636046
0.7376725
0.6029379
0.49373317
0.4109583
1.1741476
0.9585005
0.76938576
0.60806596
0.474613
0.3688105
0.29039973
1.0498297
0.8279075
0.6428081
0.48908424
0.36426106
0.26684463
0.19584458
0.90703034
0.6957214
0.5249841
0.38605118
0.27486095
0.18917549
0.12757711
0.6941581
0.51738566
0.37902218
0.2689418
0.18244323
0.11620914
0.07011987
0.32127827
0.23120023
0.16160399
0.10748148
0.067931816
0.17104039
0.12181139
0.084442884
0.05711668
0.037095033
0.052603807
0.037000284
0.025557814
0.017340083
0.87519664
0.7774432
0.6958188
1.0338554
0.8873508
0.7583537
0.6506164
0.5663604
1.0879973
0.90625155
0.7461938
0.610773
0.5014408
0.41883335
1.1738458
0.95695525
0.7677106
0.6067802
0.47394982
0.3688767
0.29121417
1.0375823
0.8184681
0.635437
0.48354873
0.3603313
0.26428655
0.19438873
0.88917756
0.68262887
0.51539403
0.37915948
0.2701669
0.18516493
0.12518652
0.67489815
0.50345045
0.36914855
0.26224366
0.1773549
0.11392799
0.069099
0.42459926
0.30947793
0.22311795
0.15545963
0.104363315
0.06623671
0.03973821
0.16261998
0.11539814
0.0809721
0.054960232
0.035868093
0.069661096
0.049628362
0.035074085
0.024347214
0.016615147
1.0425144
0.9285979
0.82773805
0.74445593
1.2248455
1.0631065
0.9133464
0.7822156
0.6731996
0.58829486
1.2991402
1.0989618
0.91473496
0.7533534
0.61734086
0.5078313
0.4253475
1.1722286
0.9542057
0.7649595
0.6045345
0.47242412
0.36811963
0.29116973
1.2931246
1.025335
0.8085169
0.62753534
0.4774958
0.3559212
0.25992
0.1914674
0.8715834
0.6695166
0.50559217
0.37205848
0.26408622
0.18222235
0.12348486
0.6556057
0.48952562
0.35926393
0.25443426
0.17317669
0.11151626
0.067956164
0.40770322
0.29773635
0.21393856
0.15027583
0.10110864
0.06440372
0.03888581
0.21544084
0.15333058
0.11014512
0.077480085
0.0527489
0.034566626
0.022089483
0.06532569
0.046759866
0.033180438
0.02312898
0.015859447
1.2114747
1.0866867
0.9690753
0.86580855
1.2502394
1.0846623
0.93224275
0.7993152
0.6892335
1.3099103
1.1062237
0.92016655
0.75786036
0.62146646
0.51181763
1.415204
1.1699476
0.95118576
0.7620605
0.60212386
0.4706322
0.36587676
1.2804995
1.0155225
0.80039877
0.6210057
0.47243527
0.35069638
0.257483
1.118152
0.85808784
0.65926886
0.49786103
0.3650361
0.26031867
0.17974369
0.865762
0.6408013
0.4788102
0.35023853
0.24932405
0.16984932
0.109552644
0.39484102
0.28718606
0.20793167
0.14621095
0.09851928
0.062907234
0.2063143
0.14749613
0.10613715
0.074785516
0.05101401
0.03352013
0.08755354
0.06214259
0.04461947
0.031744868
0.022187734
0.01526183
1.2509292
1.1217512
1.0011257
1.4389925
1.2700967
1.1012708
0.94663453
0.8122665
1.3176574
1.1112288
0.92379814
0.76080453
0.6240553
1.4150386
1.1673628
0.9481263
0.7591817
0.5996986
0.46749812
1.2704779
1.007255
0.7934777
0.61541384
0.46641487
0.34760335
1.1031308
0.8471145
0.65082145
0.48976663
0.36049426
0.25710118
0.8489706
0.6288529
0.46820208
0.34419346
0.24510334
0.16707058
0.538712
0.38454837
0.28024969
0.20303956
0.14287196
0.09636738
0.19765522
0.14284721
0.10291744
0.07259798
0.04958716
0.083765365
0.059655536
0.042926498
0.030594744
0.021422755
1.4450551
1.3105927
1.4758809
1.2992128
1.1251876
1.5398842
1.327887
1.1174065
0.92798823
1.4132562
1.1619787
0.9422038
0.7537254
1.2547095
0.99367994
0.7820637
0.60436326
1.080088
0.8298081
0.63538665
0.47982013
0.8228787
0.6103285
0.45508125
0.33460996
0.5151947
0.36684108
0.2694586
0.19536534
0.27273944
0.18738946
0.13573918
0.09794374
0.0781841
0.055929266
0.040355492
1.6276904
1.5928638
1.662968
1.6298851
1.59997
1.6133755
1.5787364
1.5477306
1.520541
1.4732585
1.4379325
1.4080534
1.3824681
1.1731703
1.1435832
0.7869668
0.7610133
1.5400358
1.7063984
1.66684
1.6313183
1.7193303
1.6810149
1.6457496
1.6148005
1.6533066
1.6127675
1.5761644
1.5440149
1.5161856
1.4963515
1.4538548
1.4186318
1.3887241
1.3631389
1.2164531
1.1716926
1.1369418
1.108635
1.0849652
0.778384
0.747621
0.7230506
0.41268373
0.39558735
0.17291579
1.6270661
1.5862395
1.5503554
1.7741725
1.7305485
1.6900773
1.6542696
1.6238731
1.7713373
1.7287428
1.688179
1.65192
1.6204408
1.5939136
1.6972406
1.650542
1.6076905
1.5700346
1.5372206
1.5091026
1.4852666
1.4802153
1.4375523
1.4020587
1.3720908
1.3465985
1.3247583
1.1874766
1.1441439
1.1104065
1.0828515
1.0597601
0.7881319
0.7492276
0.7197055
0.69622177
0.673703
0.412869
0.39224365
0.3736
0.3611611
0.17073698
0.16207176
1.4141855
1.7058334
1.6613599
1.6204326
1.5846518
1.8368268
1.7914597
1.7466885
1.705675
1.6695915
1.6391505
1.8209332
1.7778878
1.7326196
1.6909381
1.6541014
1.6223474
1.595684
1.6952503
1.6455774
1.6012645
1.5627556
1.5296172
1.5013405
1.4774874
1.5207269
1.4663287
1.4232846
1.3876555
1.357617
1.332045
1.3103622
1.2241528
1.164862
1.1225021
1.0894284
1.0623933
1.0368037
1.018021
0.7644901
0.72683364
0.6983424
0.672576
0.6546204
0.42313415
0.39654335
0.37438703
0.35969254
0.34776196
0.17286669
0.16224134
0.15414801
0.1477248
1.5676808
1.523445
1.4818122
1.7912836
1.7448186
1.6994884
1.6580585
1.6221846
1.8567343
1.8087834
1.7628264
1.7210982
1.6847577
1.6541991
1.830526
1.7816591
1.7339845
1.6912045
1.6538197
1.6218358
1.595116
1.6898258
1.6367383
1.5909804
1.5518632
1.5184631
1.4900436
1.4661075
1.5035113
1.448351
1.4048604
1.369062
1.3390311
1.3119065
1.2905954
1.1958097
1.1381733
1.0967994
1.0643779
1.0350804
1.0134007
0.99492073
0.78963083
0.73714066
0.70099336
0.670773
0.6497618
0.6324282
0.6178687
0.4031899
0.3755696
0.35777184
0.34377366
0.33241424
0.17631787
0.1626355
0.15283577
0.14532846
0.13935243
1.6836379
1.6374649
1.5910404
1.5482695
1.8750567
1.8302164
1.7820325
1.735525
1.6933217
1.6569916
1.9204997
1.873268
1.8232464
1.7760789
1.7336751
1.6969332
1.6661874
1.8351014
1.7814754
1.7320375
1.6884358
1.6506424
1.6184067
1.5915046
1.7443323
1.6806608
1.6248388
1.5779647
1.5383425
1.5047178
1.4757482
1.4519745
1.4843347
1.4281831
1.384317
1.3484286
1.3166679
1.291639
1.27036
1.1670301
1.1108009
1.0702423
1.0357648
1.0103492
0.98893774
0.97066885
0.7602846
0.7098671
0.6723914
0.6470459
0.62676567
0.6100242
0.5959338
0.41913196
0.3809739
0.35826552
0.34133834
0.3280186
0.3171769
0.30817088
0.16544886
0.15287954
0.14380874
0.13682579
0.13123873
1.7821982
1.738956
1.6901033
1.641916
1.9058498
1.8588846
1.8090768
1.761335
1.7183561
1.9343246
1.8840156
1.8323992
1.7843133
1.7414348
1.7042629
1.8853372
1.8353828
1.7790439
1.7284645
1.684332
1.6462299
1.6142182
1.740422
1.6712315
1.6135583
1.5660663
1.5261507
1.4916427
1.4632694
1.5498738
1.4679806
1.4111755
1.3671014
1.3292809
1.299728
1.2746667
1.2380683
1.1444839
1.0891876
1.0463169
1.0156982
0.9904863
0.9692653
0.73768777
0.6856799
0.65334135
0.62869906
0.60893816
0.5925819
0.40274298
0.3669256
0.34509957
0.32882106
0.3159781
0.3054981
0.17578548
0.15746929
0.14565462
0.13708748
0.13046393
0.12514605
1.8293395
1.7828393
1.7317195
1.9658267
1.9300281
1.8810388
1.8296944
1.7808968
1.9440129
1.8913515
1.8385087
1.7897079
1.7462403
1.8909771
1.8338695
1.7756433
1.724256
1.6797
1.6414139
1.7354875
1.6620789
1.603229
1.5552914
1.5141418
1.4805331
1.5369774
1.4537424
1.3964626
1.3500645
1.3147056
1.2850984
1.217912
1.1259432
1.0678974
1.0293792
0.99895203
0.97389966
0.8048837
0.71947557
0.669499
0.6378902
0.6137685
0.5943743
0.38690162
0.35567296
0.33454135
0.31874642
0.30625588
0.1685628
0.15122394
0.13996647
0.13176832
0.12540807
1.9384533
1.9007142
2.006259
1.9657422
1.9131153
1.9979706
1.9565581
1.9004028
1.8456482
1.894645
1.8286554
1.7678806
1.7153908
1.724413
1.6453314
1.5850977
1.5351802
1.515237
1.429831
1.369535
1.3259435
1.1863399
1.0965219
1.0402704
1.0021232
0.7731356
0.6881302
0.64429533
0.61374915
0.4276525
0.36802495
0.3383778
0.3182607
0.1578336
0.14184132
0.13136706
393.54614
336.4423
288.39056
248.48807
213.15875
183.3293
157.77435
136.09206
117.082634
100.65647
31.258059
27.063993
23.446733
410.87198
352.51917
302.38464
260.7856
224.16205
193.34813
166.24152
143.5924
123.66801
106.26845
32.641724
28.260548
24.31142
425.29138
365.56976
314.00882
270.62714
233.51624
201.64691
173.2785
150.23709
129.46443
111.26832
34.388466
29.77538
25.571796
434.95322
374.2991
322.09158
278.43655
240.00899
207.71103
179.12442
155.1283
134.06476
115.586426
36.344524
31.531199
27.176235
440.59866
378.71564
326.30283
282.62506
243.7657
210.84117
182.45883
158.18184
136.86612
118.37574
38.10944
33.125084
28.742817
439.74146
378.83176
326.5535
282.23624
244.05074
211.32744
182.5458
158.83064
137.44955
119.15469
39.126225
34.086636
29.628176
179.87589
155.79185
135.36151
117.26675
38.649094
33.526882
29.303709
6.82324
5.2493052
2.7006137
9.807802
8.379919
5.936701
2.6049032
10.313269
8.59639
5.949899
2.4387314
13.164197
10.546978
7.211849
3.2590835
15.289703
11.502681
7.4485307
2.9723227
15.330431
11.379765
7.2380047
2.7324228
17.53647
12.940291
8.349241
3.5166378
20.845818
18.86933
13.345977
8.22454
3.1360211
21.309982
18.525127
12.95742
7.870272
2.8518908
13.992901
12.074089
5.8560925
15.293057
14.307927
11.887555
5.4733424
15.289898
14.050176
11.519452
5.191973
18.685467
16.29151
13.045636
5.981344
20.78579
19.723164
16.277075
12.511687
5.46559
21.15062
19.378883
15.819768
12.013148
5.1208453
21.025414
17.273655
13.307032
5.954442
25.481213
21.636314
17.011501
12.656119
5.3822103
25.409657
21.058462
16.424911
12.093175
5.0148964
