0.5671448
0.45850316
0.6067737
0.47130096
0.3630415
0.66819745
0.5069762
0.37596172
0.27340734
0.5607479
0.41095513
0.2912623
0.19898121
0.29278037
0.19735521
0.17972547
0.118687265
0.57693505
0.7176176
0.58425117
0.47538802
0.77016157
0.6082462
0.47368202
0.3665364
0.8466507
0.65662956
0.4990812
0.3709942
0.27083114
0.72257525
0.54431033
0.39958104
0.28384572
0.19462544
0.5450849
0.39865348
0.28221226
0.19077028
0.12144627
0.24711257
0.17191356
0.11424253
0.092329465
0.061794497
0.027934942
0.711083
0.6053089
0.5217161
0.88684404
0.7294185
0.59525144
0.4862112
0.40327832
0.9590165
0.7700838
0.6084947
0.47453517
0.36813393
0.28911775
1.0607964
0.8359075
0.64888406
0.49354076
0.36732882
0.26874846
0.19677228
0.7071558
0.53328335
0.3918947
0.2787878
0.1916113
0.1288478
0.5294507
0.38754073
0.27471712
0.1860724
0.11887338
0.33149424
0.23814951
0.16613646
0.11083011
0.06928503
0.12674059
0.08820925
0.05892651
0.03808802
0.038694054
0.026595404
0.6468332
0.86032397
0.7333169
0.626746
0.542902
1.0754914
0.89636046
0.7376725
0.6029379
0.49373317
0.4109583
1.1741476
0.9585005
0.76938576
0.60806596
0.474613
0.3688105
0.29039973
1.0498297
0.8279075
0.6428081
0.48908424
0.36426106
0.26684463
0.19584458
0.90703034
0.6957214
0.5249841
0.38605118
0.27486095
0.18917549
0.12757711
0.6941581
0.51738566
0.37902218
0.2689418
0.18244323
0.11620914
0.07011987
0.32127827
0.23120023
0.16160399
0.10748148
0.067931816
0.17104039
0.12181139
0.084442884
0.05711668
0.037095033
0.052603807
0.037000284
0.025557814
0.017340083
0.87519664
0.7774432
0.6958188
1.0338554
0.8873508
0.7583537
0.6506164
0.5663604
1.0879973
0.90625155
0.7461938
0.610773
0.5014408
0.41883335
1.1738458
0.95695525
0.7677106
0.6067802
0.47394982
0.3688767
0.29121417
1.0375823
0.8184681
0.635437
0.48354873
0.3603313
0.26428655
0.19438873
0.88917756
0.68262887
0.51539403
0.37915948
0.2701669
0.18516493
0.12518652
0.67489815
0.50345045
0.36914855
0.26224366
0.1773549
0.11392799
0.069099
0.42459926
0.30947793
0.22311795
0.15545963
0.104363315
0.06623671
0.03973821
0.16261998
0.11539814
0.0809721
0.054960232
0.035868093
0.069661096
0.049628362
0.035074085
0.024347214
0.016615147
1.0425144
0.9285979
0.82773805
0.74445593
1.2248455
1.0631065
0.9133464
0.7822156
0.6731996
0.58829486
1.2991402
1.0989618
0.91473496
0.7533534
0.61734086
0.5078313
0.4253475
1.1722286
0.9542057
0.7649595
0.6045345
0.47242412
0.36811963
0.29116973
1.2931246
1.025335
0.8085169
0.62753534
0.4774958
0.3559212
0.25992
0.1914674
0.8715834
0.6695166
0.50559217
0.37205848
0.26408622
0.18222235
0.12348486
0.6556057
0.48952562
0.35926393
0.25443426
0.17317669
0.11151626
0.067956164
0.40770322
0.29773635
0.21393856
0.15027583
0.10110864
0.06440372
0.03888581
0.21544084
0.15333058
0.11014512
0.077480085
0.0527489
0.034566626
0.022089483
0.06532569
0.046759866
0.033180438
0.02312898
0.015859447
1.2114747
1.0866867
0.9690753
0.86580855
1.2502394
1.0846623
0.93224275
0.7993152
0.6892335
1.3099103
1.1062237
0.92016655
0.75786036
0.62146646
0.51181763
1.415204
1.1699476
0.95118576
0.7620605
0.60212386
0.4706322
0.36587676
1.2804995
1.0155225
0.80039877
0.6210057
0.47243527
0.35069638
0.257483
1.118152
0.85808784
0.65926886
0.49786103
0.3650361
0.26031867
0.17974369
0.865762
0.6408013
0.4788102
0.35023853
0.24932405
0.16984932
0.109552644
0.39484102
0.28718606
0.20793167
0.14621095
0.09851928
0.062907234
0.2063143
0.14749613
0.10613715
0.074785516
0.05101401
0.03352013
0.08755354
0.06214259
0.04461947
0.031744868
0.022187734
0.01526183
1.2509292
1.1217512
1.0011257
1.4389925
1.2700967
1.1012708
0.94663453
0.8122665
1.3176574
1.1112288
0.92379814
0.76080453
0.6240553
1.4150386
1.1673628
0.9481263
0.7591817
0.5996986
0.46749812
1.2704779
1.007255
0.7934777
0.61541384
0.46641487
0.34760335
1.1031308
0.8471145
0.65082145
0.48976663
0.36049426
0.25710118
0.8489706
0.6288529
0.46820208
0.34419346
0.24510334
0.16707058
0.538712
0.38454837
0.28024969
0.20303956
0.14287196
0.09636738
0.19765522
0.14284721
0.10291744
0.07259798
0.04958716
0.083765365
0.059655536
0.042926498
0.030594744
0.021422755
1.4450551
1.3105927
1.4758809
1.2992128
1.1251876
1.5398842
1.327887
1.1174065
0.92798823
1.4132562
1.1619787
0.9422038
0.7537254
1.2547095
0.99367994
0.7820637
0.60436326
1.080088
0.8298081
0.63538665
0.47982013
0.8228787
0.6103285
0.45508125
0.33460996
0.5151947
0.36684108
0.2694586
0.19536534
0.27273944
0.18738946
0.13573918
0.09794374
0.0781841
0.055929266
0.040355492
